set V:= 0 1 2 3 4 5 6 7 8 9
 10 11 12 13 14 15 16 17 18 19
 20 21 22 23 24 25 26 27 28 29
  30 31 32 33 34 35 36 37 38 39
 40 41 42 43;
 
set E:= (0,1) (0,4) (0,6) (0,9) (0,13) (0,16) (0,22) (0,23) (0,26) (0,27)
 (0,30) (0,34) (0,37) (1,2) (1,5) (1,7) (1,12) (1,14) (1,17) (1,18)
 (1,24) (1,28) (1,33) (1,35) (1,38) (1,39) (2,3) (2,6) (2,8) (2,13)
 (2,15) (2,19) (2,23) (2,25) (2,27) (2,29) (2,34) (2,36) (2,40) (3,4)
 (3,7) (3,9) (3,14) (3,16) (3,18) (3,24) (3,26) (3,28) (3,30) (3,35)
 (3,37) (3,39) (4,5) (4,8) (4,12) (4,15) (4,17) (4,19) (4,25) (4,29)
 (4,33) (4,36) (4,38) (4,40) (5,10) (5,13) (5,16) (5,20) (5,22) (5,23)
 (5,26) (5,31) (5,34) (5,37) (5,41) (6,10) (6,11) (6,12) (6,14) (6,20)
 (6,24) (6,31) (6,32) (6,33) (6,35) (6,41) (7,10) (7,13) (7,15) (7,20)
 (7,23) (7,25) (7,31) (7,34) (7,36) (7,41) (8,10) (8,14) (8,16) (8,20)
 (8,24) (8,26) (8,31) (8,35) (8,37) (8,41) (9,10) (9,11) (9,12) (9,15)
 (9,20) (9,25) (9,31) (9,32) (9,33) (9,36) (9,41) (10,17) (10,18) (10,19)
 (10,27) (10,28) (10,29) (10,30) (10,38) (10,39) (10,40) (11,13) (11,16) (11,17)
 (11,18) (11,19) (11,27) (11,30) (11,34) (11,37) (11,38) (11,39) (11,40) (12,21)
 (12,23) (12,26) (12,27) (12,30) (12,42) (13,21) (13,24) (13,28) (13,32) (13,42)
 (14,21) (14,23) (14,25) (14,27) (14,29) (14,42) (15,21) (15,24) (15,26) (15,28)
 (15,30) (15,42) (16,21) (16,25) (16,29) (16,32) (16,42) (17,21) (17,23) (17,26)
 (17,31) (17,32) (17,42) (18,21) (18,23) (18,25) (18,31) (18,32) (18,42) (19,21)
 (19,24) (19,26) (19,31) (19,32) (19,42) (20,21) (20,27) (20,28) (20,29) (20,30)
 (20,42) (21,33) (21,34) (21,35) (21,36) (21,37) (21,38) (21,39) (21,40) (21,41)
 (22,24) (22,25) (22,28) (22,29) (22,32) (22,33) (22,35) (22,36) (22,38) (22,39)
 (22,40) (22,42) (23,43) (24,43) (25,43) (26,43) (27,43) (28,43) (29,43) (30,43)
 (31,43) (32,43) (33,43) (34,43) (35,43) (36,43) (37,43) (38,43) (39,43) (40,43)
 (41,43),(42,43);
 
param N:=44;
